360 0.000003917000
365 0.000006965000
370 0.000012390000
375 0.000022020000
380 0.000039000000
385 0.000064000000
390 0.000120000000
395 0.000217000000
400 0.000396000000
405 0.000640000000
410 0.001210000000
415 0.002180000000
420 0.004000000000
425 0.007300000000
430 0.011600000000
435 0.016840000000
440 0.023000000000
445 0.029800000000
450 0.038000000000
455 0.048000000000
460 0.060000000
465 0.073900000
470 0.090980000
475 0.112600000
480 0.139020000
485 0.169300000
490 0.208020000
495 0.258600000
500 0.323000000
505 0.407300000
510 0.503000000
515 0.608200000
520 0.710000000
525 0.793200000
530 0.862000000
535 0.914850100
540 0.954000000
545 0.980300000
550 0.994950100
555 1.000000000
560 0.995000000
565 0.978600000
570 0.952000000
575 0.915400000
580 0.870000000
585 0.816300000
590 0.757000000
595 0.694900000
600 0.631000000
605 0.566800000
610 0.503000000
615 0.441200000
620 0.381000000
625 0.321000000
630 0.265000000
635 0.217000000
640 0.175000000
645 0.138200000
650 0.107000000
655 0.081600000
660 0.061000000
665 0.044580000
670 0.032000000
675 0.023200000
680 0.017000000
685 0.011920000
690 0.008210000
695 0.005723000
700 0.004102000
705 0.002929000
710 0.002091000
715 0.001484000
720 0.001047000
725 0.000740000
730 0.000520000
735 0.000361100
740 0.000249200
745 0.000171900
750 0.000120000
755 0.000084800
760 0.000060000
765 0.000042400
770 0.000030000
775 0.000021200
780 0.000014990
785 0.000010600
790 0.000007465700
795 0.000005257800
800 0.000003702900
805 0.000002607800
810 0.000001836600
815 0.000001293400
820 0.000000910930
825 0.000000641530
830 0.000000451810
