300 0.257
310 0.283
320 0.301
330 0.308
340 0.320
350 0.338
360 0.353
370 0.370
380 0.388
390 0.408
400 0.423
410 0.440
420 0.470
430 0.490
440 0.505
450 0.527
460 0.542
470 0.555
480 0.569
490 0.577
500 0.592
510 0.604
520 0.610
530 0.622
540 0.615
550 0.622
560 0.638
570 0.650
580 0.647
590 0.636
600 0.630
610 0.596
620 0.580
630 0.614
640 0.603
650 0.594
660 0.601
670 0.609
680 0.623
690 0.608
700 0.580
710 0.563
720 0.429
730 0.395
740 0.525
750 0.578
760 0.557
770 0.526
780 0.462
790 0.417
800 0.449
810 0.517
820 0.549
830 0.536
